10000
100000000
99999999
99999998
99999997
99999996
99999995
99999994
99999993
99999992
99999991
99999990
99999989
99999988
99999987
99999986
99999985
99999984
99999983
99999982
99999981
99999980
99999979
99999978
99999977
99999976
99999975
99999974
99999973
99999972
99999971
99999970
99999969
99999968
99999967
99999966
99999965
99999964
99999963
99999962
99999961
99999960
99999959
99999958
99999957
99999956
99999955
99999954
99999953
99999952
99999951
99999950
99999949
99999948
99999947
99999946
99999945
99999944
99999943
99999942
99999941
99999940
99999939
99999938
99999937
99999936
99999935
99999934
99999933
99999932
99999931
99999930
99999929
99999928
99999927
99999926
99999925
99999924
99999923
99999922
99999921
99999920
99999919
99999918
99999917
99999916
99999915
99999914
99999913
99999912
99999911
99999910
99999909
99999908
99999907
99999906
99999905
99999904
99999903
99999902
99999901
99999900
99999899
99999898
99999897
99999896
99999895
99999894
99999893
99999892
99999891
99999890
99999889
99999888
99999887
99999886
99999885
99999884
99999883
99999882
99999881
99999880
99999879
99999878
99999877
99999876
99999875
99999874
99999873
99999872
99999871
99999870
99999869
99999868
99999867
99999866
99999865
99999864
99999863
99999862
99999861
99999860
99999859
99999858
99999857
99999856
99999855
99999854
99999853
99999852
99999851
99999850
99999849
99999848
99999847
99999846
99999845
99999844
99999843
99999842
99999841
99999840
99999839
99999838
99999837
99999836
99999835
99999834
99999833
99999832
99999831
99999830
99999829
99999828
99999827
99999826
99999825
99999824
99999823
99999822
99999821
99999820
99999819
99999818
99999817
99999816
99999815
99999814
99999813
99999812
99999811
99999810
99999809
99999808
99999807
99999806
99999805
99999804
99999803
99999802
99999801
99999800
99999799
99999798
99999797
99999796
99999795
99999794
99999793
99999792
99999791
99999790
99999789
99999788
99999787
99999786
99999785
99999784
99999783
99999782
99999781
99999780
99999779
99999778
99999777
99999776
99999775
99999774
99999773
99999772
99999771
99999770
99999769
99999768
99999767
99999766
99999765
99999764
99999763
99999762
99999761
99999760
99999759
99999758
99999757
99999756
99999755
99999754
99999753
99999752
99999751
99999750
99999749
99999748
99999747
99999746
99999745
99999744
99999743
99999742
99999741
99999740
99999739
99999738
99999737
99999736
99999735
99999734
99999733
99999732
99999731
99999730
99999729
99999728
99999727
99999726
99999725
99999724
99999723
99999722
99999721
99999720
99999719
99999718
99999717
99999716
99999715
99999714
99999713
99999712
99999711
99999710
99999709
99999708
99999707
99999706
99999705
99999704
99999703
99999702
99999701
99999700
99999699
99999698
99999697
99999696
99999695
99999694
99999693
99999692
99999691
99999690
99999689
99999688
99999687
99999686
99999685
99999684
99999683
99999682
99999681
99999680
99999679
99999678
99999677
99999676
99999675
99999674
99999673
99999672
99999671
99999670
99999669
99999668
99999667
99999666
99999665
99999664
99999663
99999662
99999661
99999660
99999659
99999658
99999657
99999656
99999655
99999654
99999653
99999652
99999651
99999650
99999649
99999648
99999647
99999646
99999645
99999644
99999643
99999642
99999641
99999640
99999639
99999638
99999637
99999636
99999635
99999634
99999633
99999632
99999631
99999630
99999629
99999628
99999627
99999626
99999625
99999624
99999623
99999622
99999621
99999620
99999619
99999618
99999617
99999616
99999615
99999614
99999613
99999612
99999611
99999610
99999609
99999608
99999607
99999606
99999605
99999604
99999603
99999602
99999601
99999600
99999599
99999598
99999597
99999596
99999595
99999594
99999593
99999592
99999591
99999590
99999589
99999588
99999587
99999586
99999585
99999584
99999583
99999582
99999581
99999580
99999579
99999578
99999577
99999576
99999575
99999574
99999573
99999572
99999571
99999570
99999569
99999568
99999567
99999566
99999565
99999564
99999563
99999562
99999561
99999560
99999559
99999558
99999557
99999556
99999555
99999554
99999553
99999552
99999551
99999550
99999549
99999548
99999547
99999546
99999545
99999544
99999543
99999542
99999541
99999540
99999539
99999538
99999537
99999536
99999535
99999534
99999533
99999532
99999531
99999530
99999529
99999528
99999527
99999526
99999525
99999524
99999523
99999522
99999521
99999520
99999519
99999518
99999517
99999516
99999515
99999514
99999513
99999512
99999511
99999510
99999509
99999508
99999507
99999506
99999505
99999504
99999503
99999502
99999501
99999500
99999499
99999498
99999497
99999496
99999495
99999494
99999493
99999492
99999491
99999490
99999489
99999488
99999487
99999486
99999485
99999484
99999483
99999482
99999481
99999480
99999479
99999478
99999477
99999476
99999475
99999474
99999473
99999472
99999471
99999470
99999469
99999468
99999467
99999466
99999465
99999464
99999463
99999462
99999461
99999460
99999459
99999458
99999457
99999456
99999455
99999454
99999453
99999452
99999451
99999450
99999449
99999448
99999447
99999446
99999445
99999444
99999443
99999442
99999441
99999440
99999439
99999438
99999437
99999436
99999435
99999434
99999433
99999432
99999431
99999430
99999429
99999428
99999427
99999426
99999425
99999424
99999423
99999422
99999421
99999420
99999419
99999418
99999417
99999416
99999415
99999414
99999413
99999412
99999411
99999410
99999409
99999408
99999407
99999406
99999405
99999404
99999403
99999402
99999401
99999400
99999399
99999398
99999397
99999396
99999395
99999394
99999393
99999392
99999391
99999390
99999389
99999388
99999387
99999386
99999385
99999384
99999383
99999382
99999381
99999380
99999379
99999378
99999377
99999376
99999375
99999374
99999373
99999372
99999371
99999370
99999369
99999368
99999367
99999366
99999365
99999364
99999363
99999362
99999361
99999360
99999359
99999358
99999357
99999356
99999355
99999354
99999353
99999352
99999351
99999350
99999349
99999348
99999347
99999346
99999345
99999344
99999343
99999342
99999341
99999340
99999339
99999338
99999337
99999336
99999335
99999334
99999333
99999332
99999331
99999330
99999329
99999328
99999327
99999326
99999325
99999324
99999323
99999322
99999321
99999320
99999319
99999318
99999317
99999316
99999315
99999314
99999313
99999312
99999311
99999310
99999309
99999308
99999307
99999306
99999305
99999304
99999303
99999302
99999301
99999300
99999299
99999298
99999297
99999296
99999295
99999294
99999293
99999292
99999291
99999290
99999289
99999288
99999287
99999286
99999285
99999284
99999283
99999282
99999281
99999280
99999279
99999278
99999277
99999276
99999275
99999274
99999273
99999272
99999271
99999270
99999269
99999268
99999267
99999266
99999265
99999264
99999263
99999262
99999261
99999260
99999259
99999258
99999257
99999256
99999255
99999254
99999253
99999252
99999251
99999250
99999249
99999248
99999247
99999246
99999245
99999244
99999243
99999242
99999241
99999240
99999239
99999238
99999237
99999236
99999235
99999234
99999233
99999232
99999231
99999230
99999229
99999228
99999227
99999226
99999225
99999224
99999223
99999222
99999221
99999220
99999219
99999218
99999217
99999216
99999215
99999214
99999213
99999212
99999211
99999210
99999209
99999208
99999207
99999206
99999205
99999204
99999203
99999202
99999201
99999200
99999199
99999198
99999197
99999196
99999195
99999194
99999193
99999192
99999191
99999190
99999189
99999188
99999187
99999186
99999185
99999184
99999183
99999182
99999181
99999180
99999179
99999178
99999177
99999176
99999175
99999174
99999173
99999172
99999171
99999170
99999169
99999168
99999167
99999166
99999165
99999164
99999163
99999162
99999161
99999160
99999159
99999158
99999157
99999156
99999155
99999154
99999153
99999152
99999151
99999150
99999149
99999148
99999147
99999146
99999145
99999144
99999143
99999142
99999141
99999140
99999139
99999138
99999137
99999136
99999135
99999134
99999133
99999132
99999131
99999130
99999129
99999128
99999127
99999126
99999125
99999124
99999123
99999122
99999121
99999120
99999119
99999118
99999117
99999116
99999115
99999114
99999113
99999112
99999111
99999110
99999109
99999108
99999107
99999106
99999105
99999104
99999103
99999102
99999101
99999100
99999099
99999098
99999097
99999096
99999095
99999094
99999093
99999092
99999091
99999090
99999089
99999088
99999087
99999086
99999085
99999084
99999083
99999082
99999081
99999080
99999079
99999078
99999077
99999076
99999075
99999074
99999073
99999072
99999071
99999070
99999069
99999068
99999067
99999066
99999065
99999064
99999063
99999062
99999061
99999060
99999059
99999058
99999057
99999056
99999055
99999054
99999053
99999052
99999051
99999050
99999049
99999048
99999047
99999046
99999045
99999044
99999043
99999042
99999041
99999040
99999039
99999038
99999037
99999036
99999035
99999034
99999033
99999032
99999031
99999030
99999029
99999028
99999027
99999026
99999025
99999024
99999023
99999022
99999021
99999020
99999019
99999018
99999017
99999016
99999015
99999014
99999013
99999012
99999011
99999010
99999009
99999008
99999007
99999006
99999005
99999004
99999003
99999002
99999001
99999000
99998999
99998998
99998997
99998996
99998995
99998994
99998993
99998992
99998991
99998990
99998989
99998988
99998987
99998986
99998985
99998984
99998983
99998982
99998981
99998980
99998979
99998978
99998977
99998976
99998975
99998974
99998973
99998972
99998971
99998970
99998969
99998968
99998967
99998966
99998965
99998964
99998963
99998962
99998961
99998960
99998959
99998958
99998957
99998956
99998955
99998954
99998953
99998952
99998951
99998950
99998949
99998948
99998947
99998946
99998945
99998944
99998943
99998942
99998941
99998940
99998939
99998938
99998937
99998936
99998935
99998934
99998933
99998932
99998931
99998930
99998929
99998928
99998927
99998926
99998925
99998924
99998923
99998922
99998921
99998920
99998919
99998918
99998917
99998916
99998915
99998914
99998913
99998912
99998911
99998910
99998909
99998908
99998907
99998906
99998905
99998904
99998903
99998902
99998901
99998900
99998899
99998898
99998897
99998896
99998895
99998894
99998893
99998892
99998891
99998890
99998889
99998888
99998887
99998886
99998885
99998884
99998883
99998882
99998881
99998880
99998879
99998878
99998877
99998876
99998875
99998874
99998873
99998872
99998871
99998870
99998869
99998868
99998867
99998866
99998865
99998864
99998863
99998862
99998861
99998860
99998859
99998858
99998857
99998856
99998855
99998854
99998853
99998852
99998851
99998850
99998849
99998848
99998847
99998846
99998845
99998844
99998843
99998842
99998841
99998840
99998839
99998838
99998837
99998836
99998835
99998834
99998833
99998832
99998831
99998830
99998829
99998828
99998827
99998826
99998825
99998824
99998823
99998822
99998821
99998820
99998819
99998818
99998817
99998816
99998815
99998814
99998813
99998812
99998811
99998810
99998809
99998808
99998807
99998806
99998805
99998804
99998803
99998802
99998801
99998800
99998799
99998798
99998797
99998796
99998795
99998794
99998793
99998792
99998791
99998790
99998789
99998788
99998787
99998786
99998785
99998784
99998783
99998782
99998781
99998780
99998779
99998778
99998777
99998776
99998775
99998774
99998773
99998772
99998771
99998770
99998769
99998768
99998767
99998766
99998765
99998764
99998763
99998762
99998761
99998760
99998759
99998758
99998757
99998756
99998755
99998754
99998753
99998752
99998751
99998750
99998749
99998748
99998747
99998746
99998745
99998744
99998743
99998742
99998741
99998740
99998739
99998738
99998737
99998736
99998735
99998734
99998733
99998732
99998731
99998730
99998729
99998728
99998727
99998726
99998725
99998724
99998723
99998722
99998721
99998720
99998719
99998718
99998717
99998716
99998715
99998714
99998713
99998712
99998711
99998710
99998709
99998708
99998707
99998706
99998705
99998704
99998703
99998702
99998701
99998700
99998699
99998698
99998697
99998696
99998695
99998694
99998693
99998692
99998691
99998690
99998689
99998688
99998687
99998686
99998685
99998684
99998683
99998682
99998681
99998680
99998679
99998678
99998677
99998676
99998675
99998674
99998673
99998672
99998671
99998670
99998669
99998668
99998667
99998666
99998665
99998664
99998663
99998662
99998661
99998660
99998659
99998658
99998657
99998656
99998655
99998654
99998653
99998652
99998651
99998650
99998649
99998648
99998647
99998646
99998645
99998644
99998643
99998642
99998641
99998640
99998639
99998638
99998637
99998636
99998635
99998634
99998633
99998632
99998631
99998630
99998629
99998628
99998627
99998626
99998625
99998624
99998623
99998622
99998621
99998620
99998619
99998618
99998617
99998616
99998615
99998614
99998613
99998612
99998611
99998610
99998609
99998608
99998607
99998606
99998605
99998604
99998603
99998602
99998601
99998600
99998599
99998598
99998597
99998596
99998595
99998594
99998593
99998592
99998591
99998590
99998589
99998588
99998587
99998586
99998585
99998584
99998583
99998582
99998581
99998580
99998579
99998578
99998577
99998576
99998575
99998574
99998573
99998572
99998571
99998570
99998569
99998568
99998567
99998566
99998565
99998564
99998563
99998562
99998561
99998560
99998559
99998558
99998557
99998556
99998555
99998554
99998553
99998552
99998551
99998550
99998549
99998548
99998547
99998546
99998545
99998544
99998543
99998542
99998541
99998540
99998539
99998538
99998537
99998536
99998535
99998534
99998533
99998532
99998531
99998530
99998529
99998528
99998527
99998526
99998525
99998524
99998523
99998522
99998521
99998520
99998519
99998518
99998517
99998516
99998515
99998514
99998513
99998512
99998511
99998510
99998509
99998508
99998507
99998506
99998505
99998504
99998503
99998502
99998501
99998500
99998499
99998498
99998497
99998496
99998495
99998494
99998493
99998492
99998491
99998490
99998489
99998488
99998487
99998486
99998485
99998484
99998483
99998482
99998481
99998480
99998479
99998478
99998477
99998476
99998475
99998474
99998473
99998472
99998471
99998470
99998469
99998468
99998467
99998466
99998465
99998464
99998463
99998462
99998461
99998460
99998459
99998458
99998457
99998456
99998455
99998454
99998453
99998452
99998451
99998450
99998449
99998448
99998447
99998446
99998445
99998444
99998443
99998442
99998441
99998440
99998439
99998438
99998437
99998436
99998435
99998434
99998433
99998432
99998431
99998430
99998429
99998428
99998427
99998426
99998425
99998424
99998423
99998422
99998421
99998420
99998419
99998418
99998417
99998416
99998415
99998414
99998413
99998412
99998411
99998410
99998409
99998408
99998407
99998406
99998405
99998404
99998403
99998402
99998401
99998400
99998399
99998398
99998397
99998396
99998395
99998394
99998393
99998392
99998391
99998390
99998389
99998388
99998387
99998386
99998385
99998384
99998383
99998382
99998381
99998380
99998379
99998378
99998377
99998376
99998375
99998374
99998373
99998372
99998371
99998370
99998369
99998368
99998367
99998366
99998365
99998364
99998363
99998362
99998361
99998360
99998359
99998358
99998357
99998356
99998355
99998354
99998353
99998352
99998351
99998350
99998349
99998348
99998347
99998346
99998345
99998344
99998343
99998342
99998341
99998340
99998339
99998338
99998337
99998336
99998335
99998334
99998333
99998332
99998331
99998330
99998329
99998328
99998327
99998326
99998325
99998324
99998323
99998322
99998321
99998320
99998319
99998318
99998317
99998316
99998315
99998314
99998313
99998312
99998311
99998310
99998309
99998308
99998307
99998306
99998305
99998304
99998303
99998302
99998301
99998300
99998299
99998298
99998297
99998296
99998295
99998294
99998293
99998292
99998291
99998290
99998289
99998288
99998287
99998286
99998285
99998284
99998283
99998282
99998281
99998280
99998279
99998278
99998277
99998276
99998275
99998274
99998273
99998272
99998271
99998270
99998269
99998268
99998267
99998266
99998265
99998264
99998263
99998262
99998261
99998260
99998259
99998258
99998257
99998256
99998255
99998254
99998253
99998252
99998251
99998250
99998249
99998248
99998247
99998246
99998245
99998244
99998243
99998242
99998241
99998240
99998239
99998238
99998237
99998236
99998235
99998234
99998233
99998232
99998231
99998230
99998229
99998228
99998227
99998226
99998225
99998224
99998223
99998222
99998221
99998220
99998219
99998218
99998217
99998216
99998215
99998214
99998213
99998212
99998211
99998210
99998209
99998208
99998207
99998206
99998205
99998204
99998203
99998202
99998201
99998200
99998199
99998198
99998197
99998196
99998195
99998194
99998193
99998192
99998191
99998190
99998189
99998188
99998187
99998186
99998185
99998184
99998183
99998182
99998181
99998180
99998179
99998178
99998177
99998176
99998175
99998174
99998173
99998172
99998171
99998170
99998169
99998168
99998167
99998166
99998165
99998164
99998163
99998162
99998161
99998160
99998159
99998158
99998157
99998156
99998155
99998154
99998153
99998152
99998151
99998150
99998149
99998148
99998147
99998146
99998145
99998144
99998143
99998142
99998141
99998140
99998139
99998138
99998137
99998136
99998135
99998134
99998133
99998132
99998131
99998130
99998129
99998128
99998127
99998126
99998125
99998124
99998123
99998122
99998121
99998120
99998119
99998118
99998117
99998116
99998115
99998114
99998113
99998112
99998111
99998110
99998109
99998108
99998107
99998106
99998105
99998104
99998103
99998102
99998101
99998100
99998099
99998098
99998097
99998096
99998095
99998094
99998093
99998092
99998091
99998090
99998089
99998088
99998087
99998086
99998085
99998084
99998083
99998082
99998081
99998080
99998079
99998078
99998077
99998076
99998075
99998074
99998073
99998072
99998071
99998070
99998069
99998068
99998067
99998066
99998065
99998064
99998063
99998062
99998061
99998060
99998059
99998058
99998057
99998056
99998055
99998054
99998053
99998052
99998051
99998050
99998049
99998048
99998047
99998046
99998045
99998044
99998043
99998042
99998041
99998040
99998039
99998038
99998037
99998036
99998035
99998034
99998033
99998032
99998031
99998030
99998029
99998028
99998027
99998026
99998025
99998024
99998023
99998022
99998021
99998020
99998019
99998018
99998017
99998016
99998015
99998014
99998013
99998012
99998011
99998010
99998009
99998008
99998007
99998006
99998005
99998004
99998003
99998002
99998001
99998000
99997999
99997998
99997997
99997996
99997995
99997994
99997993
99997992
99997991
99997990
99997989
99997988
99997987
99997986
99997985
99997984
99997983
99997982
99997981
99997980
99997979
99997978
99997977
99997976
99997975
99997974
99997973
99997972
99997971
99997970
99997969
99997968
99997967
99997966
99997965
99997964
99997963
99997962
99997961
99997960
99997959
99997958
99997957
99997956
99997955
99997954
99997953
99997952
99997951
99997950
99997949
99997948
99997947
99997946
99997945
99997944
99997943
99997942
99997941
99997940
99997939
99997938
99997937
99997936
99997935
99997934
99997933
99997932
99997931
99997930
99997929
99997928
99997927
99997926
99997925
99997924
99997923
99997922
99997921
99997920
99997919
99997918
99997917
99997916
99997915
99997914
99997913
99997912
99997911
99997910
99997909
99997908
99997907
99997906
99997905
99997904
99997903
99997902
99997901
99997900
99997899
99997898
99997897
99997896
99997895
99997894
99997893
99997892
99997891
99997890
99997889
99997888
99997887
99997886
99997885
99997884
99997883
99997882
99997881
99997880
99997879
99997878
99997877
99997876
99997875
99997874
99997873
99997872
99997871
99997870
99997869
99997868
99997867
99997866
99997865
99997864
99997863
99997862
99997861
99997860
99997859
99997858
99997857
99997856
99997855
99997854
99997853
99997852
99997851
99997850
99997849
99997848
99997847
99997846
99997845
99997844
99997843
99997842
99997841
99997840
99997839
99997838
99997837
99997836
99997835
99997834
99997833
99997832
99997831
99997830
99997829
99997828
99997827
99997826
99997825
99997824
99997823
99997822
99997821
99997820
99997819
99997818
99997817
99997816
99997815
99997814
99997813
99997812
99997811
99997810
99997809
99997808
99997807
99997806
99997805
99997804
99997803
99997802
99997801
99997800
99997799
99997798
99997797
99997796
99997795
99997794
99997793
99997792
99997791
99997790
99997789
99997788
99997787
99997786
99997785
99997784
99997783
99997782
99997781
99997780
99997779
99997778
99997777
99997776
99997775
99997774
99997773
99997772
99997771
99997770
99997769
99997768
99997767
99997766
99997765
99997764
99997763
99997762
99997761
99997760
99997759
99997758
99997757
99997756
99997755
99997754
99997753
99997752
99997751
99997750
99997749
99997748
99997747
99997746
99997745
99997744
99997743
99997742
99997741
99997740
99997739
99997738
99997737
99997736
99997735
99997734
99997733
99997732
99997731
99997730
99997729
99997728
99997727
99997726
99997725
99997724
99997723
99997722
99997721
99997720
99997719
99997718
99997717
99997716
99997715
99997714
99997713
99997712
99997711
99997710
99997709
99997708
99997707
99997706
99997705
99997704
99997703
99997702
99997701
99997700
99997699
99997698
99997697
99997696
99997695
99997694
99997693
99997692
99997691
99997690
99997689
99997688
99997687
99997686
99997685
99997684
99997683
99997682
99997681
99997680
99997679
99997678
99997677
99997676
99997675
99997674
99997673
99997672
99997671
99997670
99997669
99997668
99997667
99997666
99997665
99997664
99997663
99997662
99997661
99997660
99997659
99997658
99997657
99997656
99997655
99997654
99997653
99997652
99997651
99997650
99997649
99997648
99997647
99997646
99997645
99997644
99997643
99997642
99997641
99997640
99997639
99997638
99997637
99997636
99997635
99997634
99997633
99997632
99997631
99997630
99997629
99997628
99997627
99997626
99997625
99997624
99997623
99997622
99997621
99997620
99997619
99997618
99997617
99997616
99997615
99997614
99997613
99997612
99997611
99997610
99997609
99997608
99997607
99997606
99997605
99997604
99997603
99997602
99997601
99997600
99997599
99997598
99997597
99997596
99997595
99997594
99997593
99997592
99997591
99997590
99997589
99997588
99997587
99997586
99997585
99997584
99997583
99997582
99997581
99997580
99997579
99997578
99997577
99997576
99997575
99997574
99997573
99997572
99997571
99997570
99997569
99997568
99997567
99997566
99997565
99997564
99997563
99997562
99997561
99997560
99997559
99997558
99997557
99997556
99997555
99997554
99997553
99997552
99997551
99997550
99997549
99997548
99997547
99997546
99997545
99997544
99997543
99997542
99997541
99997540
99997539
99997538
99997537
99997536
99997535
99997534
99997533
99997532
99997531
99997530
99997529
99997528
99997527
99997526
99997525
99997524
99997523
99997522
99997521
99997520
99997519
99997518
99997517
99997516
99997515
99997514
99997513
99997512
99997511
99997510
99997509
99997508
99997507
99997506
99997505
99997504
99997503
99997502
99997501
99997500
99997499
99997498
99997497
99997496
99997495
99997494
99997493
99997492
99997491
99997490
99997489
99997488
99997487
99997486
99997485
99997484
99997483
99997482
99997481
99997480
99997479
99997478
99997477
99997476
99997475
99997474
99997473
99997472
99997471
99997470
99997469
99997468
99997467
99997466
99997465
99997464
99997463
99997462
99997461
99997460
99997459
99997458
99997457
99997456
99997455
99997454
99997453
99997452
99997451
99997450
99997449
99997448
99997447
99997446
99997445
99997444
99997443
99997442
99997441
99997440
99997439
99997438
99997437
99997436
99997435
99997434
99997433
99997432
99997431
99997430
99997429
99997428
99997427
99997426
99997425
99997424
99997423
99997422
99997421
99997420
99997419
99997418
99997417
99997416
99997415
99997414
99997413
99997412
99997411
99997410
99997409
99997408
99997407
99997406
99997405
99997404
99997403
99997402
99997401
99997400
99997399
99997398
99997397
99997396
99997395
99997394
99997393
99997392
99997391
99997390
99997389
99997388
99997387
99997386
99997385
99997384
99997383
99997382
99997381
99997380
99997379
99997378
99997377
99997376
99997375
99997374
99997373
99997372
99997371
99997370
99997369
99997368
99997367
99997366
99997365
99997364
99997363
99997362
99997361
99997360
99997359
99997358
99997357
99997356
99997355
99997354
99997353
99997352
99997351
99997350
99997349
99997348
99997347
99997346
99997345
99997344
99997343
99997342
99997341
99997340
99997339
99997338
99997337
99997336
99997335
99997334
99997333
99997332
99997331
99997330
99997329
99997328
99997327
99997326
99997325
99997324
99997323
99997322
99997321
99997320
99997319
99997318
99997317
99997316
99997315
99997314
99997313
99997312
99997311
99997310
99997309
99997308
99997307
99997306
99997305
99997304
99997303
99997302
99997301
99997300
99997299
99997298
99997297
99997296
99997295
99997294
99997293
99997292
99997291
99997290
99997289
99997288
99997287
99997286
99997285
99997284
99997283
99997282
99997281
99997280
99997279
99997278
99997277
99997276
99997275
99997274
99997273
99997272
99997271
99997270
99997269
99997268
99997267
99997266
99997265
99997264
99997263
99997262
99997261
99997260
99997259
99997258
99997257
99997256
99997255
99997254
99997253
99997252
99997251
99997250
99997249
99997248
99997247
99997246
99997245
99997244
99997243
99997242
99997241
99997240
99997239
99997238
99997237
99997236
99997235
99997234
99997233
99997232
99997231
99997230
99997229
99997228
99997227
99997226
99997225
99997224
99997223
99997222
99997221
99997220
99997219
99997218
99997217
99997216
99997215
99997214
99997213
99997212
99997211
99997210
99997209
99997208
99997207
99997206
99997205
99997204
99997203
99997202
99997201
99997200
99997199
99997198
99997197
99997196
99997195
99997194
99997193
99997192
99997191
99997190
99997189
99997188
99997187
99997186
99997185
99997184
99997183
99997182
99997181
99997180
99997179
99997178
99997177
99997176
99997175
99997174
99997173
99997172
99997171
99997170
99997169
99997168
99997167
99997166
99997165
99997164
99997163
99997162
99997161
99997160
99997159
99997158
99997157
99997156
99997155
99997154
99997153
99997152
99997151
99997150
99997149
99997148
99997147
99997146
99997145
99997144
99997143
99997142
99997141
99997140
99997139
99997138
99997137
99997136
99997135
99997134
99997133
99997132
99997131
99997130
99997129
99997128
99997127
99997126
99997125
99997124
99997123
99997122
99997121
99997120
99997119
99997118
99997117
99997116
99997115
99997114
99997113
99997112
99997111
99997110
99997109
99997108
99997107
99997106
99997105
99997104
99997103
99997102
99997101
99997100
99997099
99997098
99997097
99997096
99997095
99997094
99997093
99997092
99997091
99997090
99997089
99997088
99997087
99997086
99997085
99997084
99997083
99997082
99997081
99997080
99997079
99997078
99997077
99997076
99997075
99997074
99997073
99997072
99997071
99997070
99997069
99997068
99997067
99997066
99997065
99997064
99997063
99997062
99997061
99997060
99997059
99997058
99997057
99997056
99997055
99997054
99997053
99997052
99997051
99997050
99997049
99997048
99997047
99997046
99997045
99997044
99997043
99997042
99997041
99997040
99997039
99997038
99997037
99997036
99997035
99997034
99997033
99997032
99997031
99997030
99997029
99997028
99997027
99997026
99997025
99997024
99997023
99997022
99997021
99997020
99997019
99997018
99997017
99997016
99997015
99997014
99997013
99997012
99997011
99997010
99997009
99997008
99997007
99997006
99997005
99997004
99997003
99997002
99997001
99997000
99996999
99996998
99996997
99996996
99996995
99996994
99996993
99996992
99996991
99996990
99996989
99996988
99996987
99996986
99996985
99996984
99996983
99996982
99996981
99996980
99996979
99996978
99996977
99996976
99996975
99996974
99996973
99996972
99996971
99996970
99996969
99996968
99996967
99996966
99996965
99996964
99996963
99996962
99996961
99996960
99996959
99996958
99996957
99996956
99996955
99996954
99996953
99996952
99996951
99996950
99996949
99996948
99996947
99996946
99996945
99996944
99996943
99996942
99996941
99996940
99996939
99996938
99996937
99996936
99996935
99996934
99996933
99996932
99996931
99996930
99996929
99996928
99996927
99996926
99996925
99996924
99996923
99996922
99996921
99996920
99996919
99996918
99996917
99996916
99996915
99996914
99996913
99996912
99996911
99996910
99996909
99996908
99996907
99996906
99996905
99996904
99996903
99996902
99996901
99996900
99996899
99996898
99996897
99996896
99996895
99996894
99996893
99996892
99996891
99996890
99996889
99996888
99996887
99996886
99996885
99996884
99996883
99996882
99996881
99996880
99996879
99996878
99996877
99996876
99996875
99996874
99996873
99996872
99996871
99996870
99996869
99996868
99996867
99996866
99996865
99996864
99996863
99996862
99996861
99996860
99996859
99996858
99996857
99996856
99996855
99996854
99996853
99996852
99996851
99996850
99996849
99996848
99996847
99996846
99996845
99996844
99996843
99996842
99996841
99996840
99996839
99996838
99996837
99996836
99996835
99996834
99996833
99996832
99996831
99996830
99996829
99996828
99996827
99996826
99996825
99996824
99996823
99996822
99996821
99996820
99996819
99996818
99996817
99996816
99996815
99996814
99996813
99996812
99996811
99996810
99996809
99996808
99996807
99996806
99996805
99996804
99996803
99996802
99996801
99996800
99996799
99996798
99996797
99996796
99996795
99996794
99996793
99996792
99996791
99996790
99996789
99996788
99996787
99996786
99996785
99996784
99996783
99996782
99996781
99996780
99996779
99996778
99996777
99996776
99996775
99996774
99996773
99996772
99996771
99996770
99996769
99996768
99996767
99996766
99996765
99996764
99996763
99996762
99996761
99996760
99996759
99996758
99996757
99996756
99996755
99996754
99996753
99996752
99996751
99996750
99996749
99996748
99996747
99996746
99996745
99996744
99996743
99996742
99996741
99996740
99996739
99996738
99996737
99996736
99996735
99996734
99996733
99996732
99996731
99996730
99996729
99996728
99996727
99996726
99996725
99996724
99996723
99996722
99996721
99996720
99996719
99996718
99996717
99996716
99996715
99996714
99996713
99996712
99996711
99996710
99996709
99996708
99996707
99996706
99996705
99996704
99996703
99996702
99996701
99996700
99996699
99996698
99996697
99996696
99996695
99996694
99996693
99996692
99996691
99996690
99996689
99996688
99996687
99996686
99996685
99996684
99996683
99996682
99996681
99996680
99996679
99996678
99996677
99996676
99996675
99996674
99996673
99996672
99996671
99996670
99996669
99996668
99996667
99996666
99996665
99996664
99996663
99996662
99996661
99996660
99996659
99996658
99996657
99996656
99996655
99996654
99996653
99996652
99996651
99996650
99996649
99996648
99996647
99996646
99996645
99996644
99996643
99996642
99996641
99996640
99996639
99996638
99996637
99996636
99996635
99996634
99996633
99996632
99996631
99996630
99996629
99996628
99996627
99996626
99996625
99996624
99996623
99996622
99996621
99996620
99996619
99996618
99996617
99996616
99996615
99996614
99996613
99996612
99996611
99996610
99996609
99996608
99996607
99996606
99996605
99996604
99996603
99996602
99996601
99996600
99996599
99996598
99996597
99996596
99996595
99996594
99996593
99996592
99996591
99996590
99996589
99996588
99996587
99996586
99996585
99996584
99996583
99996582
99996581
99996580
99996579
99996578
99996577
99996576
99996575
99996574
99996573
99996572
99996571
99996570
99996569
99996568
99996567
99996566
99996565
99996564
99996563
99996562
99996561
99996560
99996559
99996558
99996557
99996556
99996555
99996554
99996553
99996552
99996551
99996550
99996549
99996548
99996547
99996546
99996545
99996544
99996543
99996542
99996541
99996540
99996539
99996538
99996537
99996536
99996535
99996534
99996533
99996532
99996531
99996530
99996529
99996528
99996527
99996526
99996525
99996524
99996523
99996522
99996521
99996520
99996519
99996518
99996517
99996516
99996515
99996514
99996513
99996512
99996511
99996510
99996509
99996508
99996507
99996506
99996505
99996504
99996503
99996502
99996501
99996500
99996499
99996498
99996497
99996496
99996495
99996494
99996493
99996492
99996491
99996490
99996489
99996488
99996487
99996486
99996485
99996484
99996483
99996482
99996481
99996480
99996479
99996478
99996477
99996476
99996475
99996474
99996473
99996472
99996471
99996470
99996469
99996468
99996467
99996466
99996465
99996464
99996463
99996462
99996461
99996460
99996459
99996458
99996457
99996456
99996455
99996454
99996453
99996452
99996451
99996450
99996449
99996448
99996447
99996446
99996445
99996444
99996443
99996442
99996441
99996440
99996439
99996438
99996437
99996436
99996435
99996434
99996433
99996432
99996431
99996430
99996429
99996428
99996427
99996426
99996425
99996424
99996423
99996422
99996421
99996420
99996419
99996418
99996417
99996416
99996415
99996414
99996413
99996412
99996411
99996410
99996409
99996408
99996407
99996406
99996405
99996404
99996403
99996402
99996401
99996400
99996399
99996398
99996397
99996396
99996395
99996394
99996393
99996392
99996391
99996390
99996389
99996388
99996387
99996386
99996385
99996384
99996383
99996382
99996381
99996380
99996379
99996378
99996377
99996376
99996375
99996374
99996373
99996372
99996371
99996370
99996369
99996368
99996367
99996366
99996365
99996364
99996363
99996362
99996361
99996360
99996359
99996358
99996357
99996356
99996355
99996354
99996353
99996352
99996351
99996350
99996349
99996348
99996347
99996346
99996345
99996344
99996343
99996342
99996341
99996340
99996339
99996338
99996337
99996336
99996335
99996334
99996333
99996332
99996331
99996330
99996329
99996328
99996327
99996326
99996325
99996324
99996323
99996322
99996321
99996320
99996319
99996318
99996317
99996316
99996315
99996314
99996313
99996312
99996311
99996310
99996309
99996308
99996307
99996306
99996305
99996304
99996303
99996302
99996301
99996300
99996299
99996298
99996297
99996296
99996295
99996294
99996293
99996292
99996291
99996290
99996289
99996288
99996287
99996286
99996285
99996284
99996283
99996282
99996281
99996280
99996279
99996278
99996277
99996276
99996275
99996274
99996273
99996272
99996271
99996270
99996269
99996268
99996267
99996266
99996265
99996264
99996263
99996262
99996261
99996260
99996259
99996258
99996257
99996256
99996255
99996254
99996253
99996252
99996251
99996250
99996249
99996248
99996247
99996246
99996245
99996244
99996243
99996242
99996241
99996240
99996239
99996238
99996237
99996236
99996235
99996234
99996233
99996232
99996231
99996230
99996229
99996228
99996227
99996226
99996225
99996224
99996223
99996222
99996221
99996220
99996219
99996218
99996217
99996216
99996215
99996214
99996213
99996212
99996211
99996210
99996209
99996208
99996207
99996206
99996205
99996204
99996203
99996202
99996201
99996200
99996199
99996198
99996197
99996196
99996195
99996194
99996193
99996192
99996191
99996190
99996189
99996188
99996187
99996186
99996185
99996184
99996183
99996182
99996181
99996180
99996179
99996178
99996177
99996176
99996175
99996174
99996173
99996172
99996171
99996170
99996169
99996168
99996167
99996166
99996165
99996164
99996163
99996162
99996161
99996160
99996159
99996158
99996157
99996156
99996155
99996154
99996153
99996152
99996151
99996150
99996149
99996148
99996147
99996146
99996145
99996144
99996143
99996142
99996141
99996140
99996139
99996138
99996137
99996136
99996135
99996134
99996133
99996132
99996131
99996130
99996129
99996128
99996127
99996126
99996125
99996124
99996123
99996122
99996121
99996120
99996119
99996118
99996117
99996116
99996115
99996114
99996113
99996112
99996111
99996110
99996109
99996108
99996107
99996106
99996105
99996104
99996103
99996102
99996101
99996100
99996099
99996098
99996097
99996096
99996095
99996094
99996093
99996092
99996091
99996090
99996089
99996088
99996087
99996086
99996085
99996084
99996083
99996082
99996081
99996080
99996079
99996078
99996077
99996076
99996075
99996074
99996073
99996072
99996071
99996070
99996069
99996068
99996067
99996066
99996065
99996064
99996063
99996062
99996061
99996060
99996059
99996058
99996057
99996056
99996055
99996054
99996053
99996052
99996051
99996050
99996049
99996048
99996047
99996046
99996045
99996044
99996043
99996042
99996041
99996040
99996039
99996038
99996037
99996036
99996035
99996034
99996033
99996032
99996031
99996030
99996029
99996028
99996027
99996026
99996025
99996024
99996023
99996022
99996021
99996020
99996019
99996018
99996017
99996016
99996015
99996014
99996013
99996012
99996011
99996010
99996009
99996008
99996007
99996006
99996005
99996004
99996003
99996002
99996001
99996000
99995999
99995998
99995997
99995996
99995995
99995994
99995993
99995992
99995991
99995990
99995989
99995988
99995987
99995986
99995985
99995984
99995983
99995982
99995981
99995980
99995979
99995978
99995977
99995976
99995975
99995974
99995973
99995972
99995971
99995970
99995969
99995968
99995967
99995966
99995965
99995964
99995963
99995962
99995961
99995960
99995959
99995958
99995957
99995956
99995955
99995954
99995953
99995952
99995951
99995950
99995949
99995948
99995947
99995946
99995945
99995944
99995943
99995942
99995941
99995940
99995939
99995938
99995937
99995936
99995935
99995934
99995933
99995932
99995931
99995930
99995929
99995928
99995927
99995926
99995925
99995924
99995923
99995922
99995921
99995920
99995919
99995918
99995917
99995916
99995915
99995914
99995913
99995912
99995911
99995910
99995909
99995908
99995907
99995906
99995905
99995904
99995903
99995902
99995901
99995900
99995899
99995898
99995897
99995896
99995895
99995894
99995893
99995892
99995891
99995890
99995889
99995888
99995887
99995886
99995885
99995884
99995883
99995882
99995881
99995880
99995879
99995878
99995877
99995876
99995875
99995874
99995873
99995872
99995871
99995870
99995869
99995868
99995867
99995866
99995865
99995864
99995863
99995862
99995861
99995860
99995859
99995858
99995857
99995856
99995855
99995854
99995853
99995852
99995851
99995850
99995849
99995848
99995847
99995846
99995845
99995844
99995843
99995842
99995841
99995840
99995839
99995838
99995837
99995836
99995835
99995834
99995833
99995832
99995831
99995830
99995829
99995828
99995827
99995826
99995825
99995824
99995823
99995822
99995821
99995820
99995819
99995818
99995817
99995816
99995815
99995814
99995813
99995812
99995811
99995810
99995809
99995808
99995807
99995806
99995805
99995804
99995803
99995802
99995801
99995800
99995799
99995798
99995797
99995796
99995795
99995794
99995793
99995792
99995791
99995790
99995789
99995788
99995787
99995786
99995785
99995784
99995783
99995782
99995781
99995780
99995779
99995778
99995777
99995776
99995775
99995774
99995773
99995772
99995771
99995770
99995769
99995768
99995767
99995766
99995765
99995764
99995763
99995762
99995761
99995760
99995759
99995758
99995757
99995756
99995755
99995754
99995753
99995752
99995751
99995750
99995749
99995748
99995747
99995746
99995745
99995744
99995743
99995742
99995741
99995740
99995739
99995738
99995737
99995736
99995735
99995734
99995733
99995732
99995731
99995730
99995729
99995728
99995727
99995726
99995725
99995724
99995723
99995722
99995721
99995720
99995719
99995718
99995717
99995716
99995715
99995714
99995713
99995712
99995711
99995710
99995709
99995708
99995707
99995706
99995705
99995704
99995703
99995702
99995701
99995700
99995699
99995698
99995697
99995696
99995695
99995694
99995693
99995692
99995691
99995690
99995689
99995688
99995687
99995686
99995685
99995684
99995683
99995682
99995681
99995680
99995679
99995678
99995677
99995676
99995675
99995674
99995673
99995672
99995671
99995670
99995669
99995668
99995667
99995666
99995665
99995664
99995663
99995662
99995661
99995660
99995659
99995658
99995657
99995656
99995655
99995654
99995653
99995652
99995651
99995650
99995649
99995648
99995647
99995646
99995645
99995644
99995643
99995642
99995641
99995640
99995639
99995638
99995637
99995636
99995635
99995634
99995633
99995632
99995631
99995630
99995629
99995628
99995627
99995626
99995625
99995624
99995623
99995622
99995621
99995620
99995619
99995618
99995617
99995616
99995615
99995614
99995613
99995612
99995611
99995610
99995609
99995608
99995607
99995606
99995605
99995604
99995603
99995602
99995601
99995600
99995599
99995598
99995597
99995596
99995595
99995594
99995593
99995592
99995591
99995590
99995589
99995588
99995587
99995586
99995585
99995584
99995583
99995582
99995581
99995580
99995579
99995578
99995577
99995576
99995575
99995574
99995573
99995572
99995571
99995570
99995569
99995568
99995567
99995566
99995565
99995564
99995563
99995562
99995561
99995560
99995559
99995558
99995557
99995556
99995555
99995554
99995553
99995552
99995551
99995550
99995549
99995548
99995547
99995546
99995545
99995544
99995543
99995542
99995541
99995540
99995539
99995538
99995537
99995536
99995535
99995534
99995533
99995532
99995531
99995530
99995529
99995528
99995527
99995526
99995525
99995524
99995523
99995522
99995521
99995520
99995519
99995518
99995517
99995516
99995515
99995514
99995513
99995512
99995511
99995510
99995509
99995508
99995507
99995506
99995505
99995504
99995503
99995502
99995501
99995500
99995499
99995498
99995497
99995496
99995495
99995494
99995493
99995492
99995491
99995490
99995489
99995488
99995487
99995486
99995485
99995484
99995483
99995482
99995481
99995480
99995479
99995478
99995477
99995476
99995475
99995474
99995473
99995472
99995471
99995470
99995469
99995468
99995467
99995466
99995465
99995464
99995463
99995462
99995461
99995460
99995459
99995458
99995457
99995456
99995455
99995454
99995453
99995452
99995451
99995450
99995449
99995448
99995447
99995446
99995445
99995444
99995443
99995442
99995441
99995440
99995439
99995438
99995437
99995436
99995435
99995434
99995433
99995432
99995431
99995430
99995429
99995428
99995427
99995426
99995425
99995424
99995423
99995422
99995421
99995420
99995419
99995418
99995417
99995416
99995415
99995414
99995413
99995412
99995411
99995410
99995409
99995408
99995407
99995406
99995405
99995404
99995403
99995402
99995401
99995400
99995399
99995398
99995397
99995396
99995395
99995394
99995393
99995392
99995391
99995390
99995389
99995388
99995387
99995386
99995385
99995384
99995383
99995382
99995381
99995380
99995379
99995378
99995377
99995376
99995375
99995374
99995373
99995372
99995371
99995370
99995369
99995368
99995367
99995366
99995365
99995364
99995363
99995362
99995361
99995360
99995359
99995358
99995357
99995356
99995355
99995354
99995353
99995352
99995351
99995350
99995349
99995348
99995347
99995346
99995345
99995344
99995343
99995342
99995341
99995340
99995339
99995338
99995337
99995336
99995335
99995334
99995333
99995332
99995331
99995330
99995329
99995328
99995327
99995326
99995325
99995324
99995323
99995322
99995321
99995320
99995319
99995318
99995317
99995316
99995315
99995314
99995313
99995312
99995311
99995310
99995309
99995308
99995307
99995306
99995305
99995304
99995303
99995302
99995301
99995300
99995299
99995298
99995297
99995296
99995295
99995294
99995293
99995292
99995291
99995290
99995289
99995288
99995287
99995286
99995285
99995284
99995283
99995282
99995281
99995280
99995279
99995278
99995277
99995276
99995275
99995274
99995273
99995272
99995271
99995270
99995269
99995268
99995267
99995266
99995265
99995264
99995263
99995262
99995261
99995260
99995259
99995258
99995257
99995256
99995255
99995254
99995253
99995252
99995251
99995250
99995249
99995248
99995247
99995246
99995245
99995244
99995243
99995242
99995241
99995240
99995239
99995238
99995237
99995236
99995235
99995234
99995233
99995232
99995231
99995230
99995229
99995228
99995227
99995226
99995225
99995224
99995223
99995222
99995221
99995220
99995219
99995218
99995217
99995216
99995215
99995214
99995213
99995212
99995211
99995210
99995209
99995208
99995207
99995206
99995205
99995204
99995203
99995202
99995201
99995200
99995199
99995198
99995197
99995196
99995195
99995194
99995193
99995192
99995191
99995190
99995189
99995188
99995187
99995186
99995185
99995184
99995183
99995182
99995181
99995180
99995179
99995178
99995177
99995176
99995175
99995174
99995173
99995172
99995171
99995170
99995169
99995168
99995167
99995166
99995165
99995164
99995163
99995162
99995161
99995160
99995159
99995158
99995157
99995156
99995155
99995154
99995153
99995152
99995151
99995150
99995149
99995148
99995147
99995146
99995145
99995144
99995143
99995142
99995141
99995140
99995139
99995138
99995137
99995136
99995135
99995134
99995133
99995132
99995131
99995130
99995129
99995128
99995127
99995126
99995125
99995124
99995123
99995122
99995121
99995120
99995119
99995118
99995117
99995116
99995115
99995114
99995113
99995112
99995111
99995110
99995109
99995108
99995107
99995106
99995105
99995104
99995103
99995102
99995101
99995100
99995099
99995098
99995097
99995096
99995095
99995094
99995093
99995092
99995091
99995090
99995089
99995088
99995087
99995086
99995085
99995084
99995083
99995082
99995081
99995080
99995079
99995078
99995077
99995076
99995075
99995074
99995073
99995072
99995071
99995070
99995069
99995068
99995067
99995066
99995065
99995064
99995063
99995062
99995061
99995060
99995059
99995058
99995057
99995056
99995055
99995054
99995053
99995052
99995051
99995050
99995049
99995048
99995047
99995046
99995045
99995044
99995043
99995042
99995041
99995040
99995039
99995038
99995037
99995036
99995035
99995034
99995033
99995032
99995031
99995030
99995029
99995028
99995027
99995026
99995025
99995024
99995023
99995022
99995021
99995020
99995019
99995018
99995017
99995016
99995015
99995014
99995013
99995012
99995011
99995010
99995009
99995008
99995007
99995006
99995005
99995004
99995003
99995002
99995001
99995000
99994999
99994998
99994997
99994996
99994995
99994994
99994993
99994992
99994991
99994990
99994989
99994988
99994987
99994986
99994985
99994984
99994983
99994982
99994981
99994980
99994979
99994978
99994977
99994976
99994975
99994974
99994973
99994972
99994971
99994970
99994969
99994968
99994967
99994966
99994965
99994964
99994963
99994962
99994961
99994960
99994959
99994958
99994957
99994956
99994955
99994954
99994953
99994952
99994951
99994950
99994949
99994948
99994947
99994946
99994945
99994944
99994943
99994942
99994941
99994940
99994939
99994938
99994937
99994936
99994935
99994934
99994933
99994932
99994931
99994930
99994929
99994928
99994927
99994926
99994925
99994924
99994923
99994922
99994921
99994920
99994919
99994918
99994917
99994916
99994915
99994914
99994913
99994912
99994911
99994910
99994909
99994908
99994907
99994906
99994905
99994904
99994903
99994902
99994901
99994900
99994899
99994898
99994897
99994896
99994895
99994894
99994893
99994892
99994891
99994890
99994889
99994888
99994887
99994886
99994885
99994884
99994883
99994882
99994881
99994880
99994879
99994878
99994877
99994876
99994875
99994874
99994873
99994872
99994871
99994870
99994869
99994868
99994867
99994866
99994865
99994864
99994863
99994862
99994861
99994860
99994859
99994858
99994857
99994856
99994855
99994854
99994853
99994852
99994851
99994850
99994849
99994848
99994847
99994846
99994845
99994844
99994843
99994842
99994841
99994840
99994839
99994838
99994837
99994836
99994835
99994834
99994833
99994832
99994831
99994830
99994829
99994828
99994827
99994826
99994825
99994824
99994823
99994822
99994821
99994820
99994819
99994818
99994817
99994816
99994815
99994814
99994813
99994812
99994811
99994810
99994809
99994808
99994807
99994806
99994805
99994804
99994803
99994802
99994801
99994800
99994799
99994798
99994797
99994796
99994795
99994794
99994793
99994792
99994791
99994790
99994789
99994788
99994787
99994786
99994785
99994784
99994783
99994782
99994781
99994780
99994779
99994778
99994777
99994776
99994775
99994774
99994773
99994772
99994771
99994770
99994769
99994768
99994767
99994766
99994765
99994764
99994763
99994762
99994761
99994760
99994759
99994758
99994757
99994756
99994755
99994754
99994753
99994752
99994751
99994750
99994749
99994748
99994747
99994746
99994745
99994744
99994743
99994742
99994741
99994740
99994739
99994738
99994737
99994736
99994735
99994734
99994733
99994732
99994731
99994730
99994729
99994728
99994727
99994726
99994725
99994724
99994723
99994722
99994721
99994720
99994719
99994718
99994717
99994716
99994715
99994714
99994713
99994712
99994711
99994710
99994709
99994708
99994707
99994706
99994705
99994704
99994703
99994702
99994701
99994700
99994699
99994698
99994697
99994696
99994695
99994694
99994693
99994692
99994691
99994690
99994689
99994688
99994687
99994686
99994685
99994684
99994683
99994682
99994681
99994680
99994679
99994678
99994677
99994676
99994675
99994674
99994673
99994672
99994671
99994670
99994669
99994668
99994667
99994666
99994665
99994664
99994663
99994662
99994661
99994660
99994659
99994658
99994657
99994656
99994655
99994654
99994653
99994652
99994651
99994650
99994649
99994648
99994647
99994646
99994645
99994644
99994643
99994642
99994641
99994640
99994639
99994638
99994637
99994636
99994635
99994634
99994633
99994632
99994631
99994630
99994629
99994628
99994627
99994626
99994625
99994624
99994623
99994622
99994621
99994620
99994619
99994618
99994617
99994616
99994615
99994614
99994613
99994612
99994611
99994610
99994609
99994608
99994607
99994606
99994605
99994604
99994603
99994602
99994601
99994600
99994599
99994598
99994597
99994596
99994595
99994594
99994593
99994592
99994591
99994590
99994589
99994588
99994587
99994586
99994585
99994584
99994583
99994582
99994581
99994580
99994579
99994578
99994577
99994576
99994575
99994574
99994573
99994572
99994571
99994570
99994569
99994568
99994567
99994566
99994565
99994564
99994563
99994562
99994561
99994560
99994559
99994558
99994557
99994556
99994555
99994554
99994553
99994552
99994551
99994550
99994549
99994548
99994547
99994546
99994545
99994544
99994543
99994542
99994541
99994540
99994539
99994538
99994537
99994536
99994535
99994534
99994533
99994532
99994531
99994530
99994529
99994528
99994527
99994526
99994525
99994524
99994523
99994522
99994521
99994520
99994519
99994518
99994517
99994516
99994515
99994514
99994513
99994512
99994511
99994510
99994509
99994508
99994507
99994506
99994505
99994504
99994503
99994502
99994501
99994500
99994499
99994498
99994497
99994496
99994495
99994494
99994493
99994492
99994491
99994490
99994489
99994488
99994487
99994486
99994485
99994484
99994483
99994482
99994481
99994480
99994479
99994478
99994477
99994476
99994475
99994474
99994473
99994472
99994471
99994470
99994469
99994468
99994467
99994466
99994465
99994464
99994463
99994462
99994461
99994460
99994459
99994458
99994457
99994456
99994455
99994454
99994453
99994452
99994451
99994450
99994449
99994448
99994447
99994446
99994445
99994444
99994443
99994442
99994441
99994440
99994439
99994438
99994437
99994436
99994435
99994434
99994433
99994432
99994431
99994430
99994429
99994428
99994427
99994426
99994425
99994424
99994423
99994422
99994421
99994420
99994419
99994418
99994417
99994416
99994415
99994414
99994413
99994412
99994411
99994410
99994409
99994408
99994407
99994406
99994405
99994404
99994403
99994402
99994401
99994400
99994399
99994398
99994397
99994396
99994395
99994394
99994393
99994392
99994391
99994390
99994389
99994388
99994387
99994386
99994385
99994384
99994383
99994382
99994381
99994380
99994379
99994378
99994377
99994376
99994375
99994374
99994373
99994372
99994371
99994370
99994369
99994368
99994367
99994366
99994365
99994364
99994363
99994362
99994361
99994360
99994359
99994358
99994357
99994356
99994355
99994354
99994353
99994352
99994351
99994350
99994349
99994348
99994347
99994346
99994345
99994344
99994343
99994342
99994341
99994340
99994339
99994338
99994337
99994336
99994335
99994334
99994333
99994332
99994331
99994330
99994329
99994328
99994327
99994326
99994325
99994324
99994323
99994322
99994321
99994320
99994319
99994318
99994317
99994316
99994315
99994314
99994313
99994312
99994311
99994310
99994309
99994308
99994307
99994306
99994305
99994304
99994303
99994302
99994301
99994300
99994299
99994298
99994297
99994296
99994295
99994294
99994293
99994292
99994291
99994290
99994289
99994288
99994287
99994286
99994285
99994284
99994283
99994282
99994281
99994280
99994279
99994278
99994277
99994276
99994275
99994274
99994273
99994272
99994271
99994270
99994269
99994268
99994267
99994266
99994265
99994264
99994263
99994262
99994261
99994260
99994259
99994258
99994257
99994256
99994255
99994254
99994253
99994252
99994251
99994250
99994249
99994248
99994247
99994246
99994245
99994244
99994243
99994242
99994241
99994240
99994239
99994238
99994237
99994236
99994235
99994234
99994233
99994232
99994231
99994230
99994229
99994228
99994227
99994226
99994225
99994224
99994223
99994222
99994221
99994220
99994219
99994218
99994217
99994216
99994215
99994214
99994213
99994212
99994211
99994210
99994209
99994208
99994207
99994206
99994205
99994204
99994203
99994202
99994201
99994200
99994199
99994198
99994197
99994196
99994195
99994194
99994193
99994192
99994191
99994190
99994189
99994188
99994187
99994186
99994185
99994184
99994183
99994182
99994181
99994180
99994179
99994178
99994177
99994176
99994175
99994174
99994173
99994172
99994171
99994170
99994169
99994168
99994167
99994166
99994165
99994164
99994163
99994162
99994161
99994160
99994159
99994158
99994157
99994156
99994155
99994154
99994153
99994152
99994151
99994150
99994149
99994148
99994147
99994146
99994145
99994144
99994143
99994142
99994141
99994140
99994139
99994138
99994137
99994136
99994135
99994134
99994133
99994132
99994131
99994130
99994129
99994128
99994127
99994126
99994125
99994124
99994123
99994122
99994121
99994120
99994119
99994118
99994117
99994116
99994115
99994114
99994113
99994112
99994111
99994110
99994109
99994108
99994107
99994106
99994105
99994104
99994103
99994102
99994101
99994100
99994099
99994098
99994097
99994096
99994095
99994094
99994093
99994092
99994091
99994090
99994089
99994088
99994087
99994086
99994085
99994084
99994083
99994082
99994081
99994080
99994079
99994078
99994077
99994076
99994075
99994074
99994073
99994072
99994071
99994070
99994069
99994068
99994067
99994066
99994065
99994064
99994063
99994062
99994061
99994060
99994059
99994058
99994057
99994056
99994055
99994054
99994053
99994052
99994051
99994050
99994049
99994048
99994047
99994046
99994045
99994044
99994043
99994042
99994041
99994040
99994039
99994038
99994037
99994036
99994035
99994034
99994033
99994032
99994031
99994030
99994029
99994028
99994027
99994026
99994025
99994024
99994023
99994022
99994021
99994020
99994019
99994018
99994017
99994016
99994015
99994014
99994013
99994012
99994011
99994010
99994009
99994008
99994007
99994006
99994005
99994004
99994003
99994002
99994001
99994000
99993999
99993998
99993997
99993996
99993995
99993994
99993993
99993992
99993991
99993990
99993989
99993988
99993987
99993986
99993985
99993984
99993983
99993982
99993981
99993980
99993979
99993978
99993977
99993976
99993975
99993974
99993973
99993972
99993971
99993970
99993969
99993968
99993967
99993966
99993965
99993964
99993963
99993962
99993961
99993960
99993959
99993958
99993957
99993956
99993955
99993954
99993953
99993952
99993951
99993950
99993949
99993948
99993947
99993946
99993945
99993944
99993943
99993942
99993941
99993940
99993939
99993938
99993937
99993936
99993935
99993934
99993933
99993932
99993931
99993930
99993929
99993928
99993927
99993926
99993925
99993924
99993923
99993922
99993921
99993920
99993919
99993918
99993917
99993916
99993915
99993914
99993913
99993912
99993911
99993910
99993909
99993908
99993907
99993906
99993905
99993904
99993903
99993902
99993901
99993900
99993899
99993898
99993897
99993896
99993895
99993894
99993893
99993892
99993891
99993890
99993889
99993888
99993887
99993886
99993885
99993884
99993883
99993882
99993881
99993880
99993879
99993878
99993877
99993876
99993875
99993874
99993873
99993872
99993871
99993870
99993869
99993868
99993867
99993866
99993865
99993864
99993863
99993862
99993861
99993860
99993859
99993858
99993857
99993856
99993855
99993854
99993853
99993852
99993851
99993850
99993849
99993848
99993847
99993846
99993845
99993844
99993843
99993842
99993841
99993840
99993839
99993838
99993837
99993836
99993835
99993834
99993833
99993832
99993831
99993830
99993829
99993828
99993827
99993826
99993825
99993824
99993823
99993822
99993821
99993820
99993819
99993818
99993817
99993816
99993815
99993814
99993813
99993812
99993811
99993810
99993809
99993808
99993807
99993806
99993805
99993804
99993803
99993802
99993801
99993800
99993799
99993798
99993797
99993796
99993795
99993794
99993793
99993792
99993791
99993790
99993789
99993788
99993787
99993786
99993785
99993784
99993783
99993782
99993781
99993780
99993779
99993778
99993777
99993776
99993775
99993774
99993773
99993772
99993771
99993770
99993769
99993768
99993767
99993766
99993765
99993764
99993763
99993762
99993761
99993760
99993759
99993758
99993757
99993756
99993755
99993754
99993753
99993752
99993751
99993750
99993749
99993748
99993747
99993746
99993745
99993744
99993743
99993742
99993741
99993740
99993739
99993738
99993737
99993736
99993735
99993734
99993733
99993732
99993731
99993730
99993729
99993728
99993727
99993726
99993725
99993724
99993723
99993722
99993721
99993720
99993719
99993718
99993717
99993716
99993715
99993714
99993713
99993712
99993711
99993710
99993709
99993708
99993707
99993706
99993705
99993704
99993703
99993702
99993701
99993700
99993699
99993698
99993697
99993696
99993695
99993694
99993693
99993692
99993691
99993690
99993689
99993688
99993687
99993686
99993685
99993684
99993683
99993682
99993681
99993680
99993679
99993678
99993677
99993676
99993675
99993674
99993673
99993672
99993671
99993670
99993669
99993668
99993667
99993666
99993665
99993664
99993663
99993662
99993661
99993660
99993659
99993658
99993657
99993656
99993655
99993654
99993653
99993652
99993651
99993650
99993649
99993648
99993647
99993646
99993645
99993644
99993643
99993642
99993641
99993640
99993639
99993638
99993637
99993636
99993635
99993634
99993633
99993632
99993631
99993630
99993629
99993628
99993627
99993626
99993625
99993624
99993623
99993622
99993621
99993620
99993619
99993618
99993617
99993616
99993615
99993614
99993613
99993612
99993611
99993610
99993609
99993608
99993607
99993606
99993605
99993604
99993603
99993602
99993601
99993600
99993599
99993598
99993597
99993596
99993595
99993594
99993593
99993592
99993591
99993590
99993589
99993588
99993587
99993586
99993585
99993584
99993583
99993582
99993581
99993580
99993579
99993578
99993577
99993576
99993575
99993574
99993573
99993572
99993571
99993570
99993569
99993568
99993567
99993566
99993565
99993564
99993563
99993562
99993561
99993560
99993559
99993558
99993557
99993556
99993555
99993554
99993553
99993552
99993551
99993550
99993549
99993548
99993547
99993546
99993545
99993544
99993543
99993542
99993541
99993540
99993539
99993538
99993537
99993536
99993535
99993534
99993533
99993532
99993531
99993530
99993529
99993528
99993527
99993526
99993525
99993524
99993523
99993522
99993521
99993520
99993519
99993518
99993517
99993516
99993515
99993514
99993513
99993512
99993511
99993510
99993509
99993508
99993507
99993506
99993505
99993504
99993503
99993502
99993501
99993500
99993499
99993498
99993497
99993496
99993495
99993494
99993493
99993492
99993491
99993490
99993489
99993488
99993487
99993486
99993485
99993484
99993483
99993482
99993481
99993480
99993479
99993478
99993477
99993476
99993475
99993474
99993473
99993472
99993471
99993470
99993469
99993468
99993467
99993466
99993465
99993464
99993463
99993462
99993461
99993460
99993459
99993458
99993457
99993456
99993455
99993454
99993453
99993452
99993451
99993450
99993449
99993448
99993447
99993446
99993445
99993444
99993443
99993442
99993441
99993440
99993439
99993438
99993437
99993436
99993435
99993434
99993433
99993432
99993431
99993430
99993429
99993428
99993427
99993426
99993425
99993424
99993423
99993422
99993421
99993420
99993419
99993418
99993417
99993416
99993415
99993414
99993413
99993412
99993411
99993410
99993409
99993408
99993407
99993406
99993405
99993404
99993403
99993402
99993401
99993400
99993399
99993398
99993397
99993396
99993395
99993394
99993393
99993392
99993391
99993390
99993389
99993388
99993387
99993386
99993385
99993384
99993383
99993382
99993381
99993380
99993379
99993378
99993377
99993376
99993375
99993374
99993373
99993372
99993371
99993370
99993369
99993368
99993367
99993366
99993365
99993364
99993363
99993362
99993361
99993360
99993359
99993358
99993357
99993356
99993355
99993354
99993353
99993352
99993351
99993350
99993349
99993348
99993347
99993346
99993345
99993344
99993343
99993342
99993341
99993340
99993339
99993338
99993337
99993336
99993335
99993334
99993333
99993332
99993331
99993330
99993329
99993328
99993327
99993326
99993325
99993324
99993323
99993322
99993321
99993320
99993319
99993318
99993317
99993316
99993315
99993314
99993313
99993312
99993311
99993310
99993309
99993308
99993307
99993306
99993305
99993304
99993303
99993302
99993301
99993300
99993299
99993298
99993297
99993296
99993295
99993294
99993293
99993292
99993291
99993290
99993289
99993288
99993287
99993286
99993285
99993284
99993283
99993282
99993281
99993280
99993279
99993278
99993277
99993276
99993275
99993274
99993273
99993272
99993271
99993270
99993269
99993268
99993267
99993266
99993265
99993264
99993263
99993262
99993261
99993260
99993259
99993258
99993257
99993256
99993255
99993254
99993253
99993252
99993251
99993250
99993249
99993248
99993247
99993246
99993245
99993244
99993243
99993242
99993241
99993240
99993239
99993238
99993237
99993236
99993235
99993234
99993233
99993232
99993231
99993230
99993229
99993228
99993227
99993226
99993225
99993224
99993223
99993222
99993221
99993220
99993219
99993218
99993217
99993216
99993215
99993214
99993213
99993212
99993211
99993210
99993209
99993208
99993207
99993206
99993205
99993204
99993203
99993202
99993201
99993200
99993199
99993198
99993197
99993196
99993195
99993194
99993193
99993192
99993191
99993190
99993189
99993188
99993187
99993186
99993185
99993184
99993183
99993182
99993181
99993180
99993179
99993178
99993177
99993176
99993175
99993174
99993173
99993172
99993171
99993170
99993169
99993168
99993167
99993166
99993165
99993164
99993163
99993162
99993161
99993160
99993159
99993158
99993157
99993156
99993155
99993154
99993153
99993152
99993151
99993150
99993149
99993148
99993147
99993146
99993145
99993144
99993143
99993142
99993141
99993140
99993139
99993138
99993137
99993136
99993135
99993134
99993133
99993132
99993131
99993130
99993129
99993128
99993127
99993126
99993125
99993124
99993123
99993122
99993121
99993120
99993119
99993118
99993117
99993116
99993115
99993114
99993113
99993112
99993111
99993110
99993109
99993108
99993107
99993106
99993105
99993104
99993103
99993102
99993101
99993100
99993099
99993098
99993097
99993096
99993095
99993094
99993093
99993092
99993091
99993090
99993089
99993088
99993087
99993086
99993085
99993084
99993083
99993082
99993081
99993080
99993079
99993078
99993077
99993076
99993075
99993074
99993073
99993072
99993071
99993070
99993069
99993068
99993067
99993066
99993065
99993064
99993063
99993062
99993061
99993060
99993059
99993058
99993057
99993056
99993055
99993054
99993053
99993052
99993051
99993050
99993049
99993048
99993047
99993046
99993045
99993044
99993043
99993042
99993041
99993040
99993039
99993038
99993037
99993036
99993035
99993034
99993033
99993032
99993031
99993030
99993029
99993028
99993027
99993026
99993025
99993024
99993023
99993022
99993021
99993020
99993019
99993018
99993017
99993016
99993015
99993014
99993013
99993012
99993011
99993010
99993009
99993008
99993007
99993006
99993005
99993004
99993003
99993002
99993001
99993000
99992999
99992998
99992997
99992996
99992995
99992994
99992993
99992992
99992991
99992990
99992989
99992988
99992987
99992986
99992985
99992984
99992983
99992982
99992981
99992980
99992979
99992978
99992977
99992976
99992975
99992974
99992973
99992972
99992971
99992970
99992969
99992968
99992967
99992966
99992965
99992964
99992963
99992962
99992961
99992960
99992959
99992958
99992957
99992956
99992955
99992954
99992953
99992952
99992951
99992950
99992949
99992948
99992947
99992946
99992945
99992944
99992943
99992942
99992941
99992940
99992939
99992938
99992937
99992936
99992935
99992934
99992933
99992932
99992931
99992930
99992929
99992928
99992927
99992926
99992925
99992924
99992923
99992922
99992921
99992920
99992919
99992918
99992917
99992916
99992915
99992914
99992913
99992912
99992911
99992910
99992909
99992908
99992907
99992906
99992905
99992904
99992903
99992902
99992901
99992900
99992899
99992898
99992897
99992896
99992895
99992894
99992893
99992892
99992891
99992890
99992889
99992888
99992887
99992886
99992885
99992884
99992883
99992882
99992881
99992880
99992879
99992878
99992877
99992876
99992875
99992874
99992873
99992872
99992871
99992870
99992869
99992868
99992867
99992866
99992865
99992864
99992863
99992862
99992861
99992860
99992859
99992858
99992857
99992856
99992855
99992854
99992853
99992852
99992851
99992850
99992849
99992848
99992847
99992846
99992845
99992844
99992843
99992842
99992841
99992840
99992839
99992838
99992837
99992836
99992835
99992834
99992833
99992832
99992831
99992830
99992829
99992828
99992827
99992826
99992825
99992824
99992823
99992822
99992821
99992820
99992819
99992818
99992817
99992816
99992815
99992814
99992813
99992812
99992811
99992810
99992809
99992808
99992807
99992806
99992805
99992804
99992803
99992802
99992801
99992800
99992799
99992798
99992797
99992796
99992795
99992794
99992793
99992792
99992791
99992790
99992789
99992788
99992787
99992786
99992785
99992784
99992783
99992782
99992781
99992780
99992779
99992778
99992777
99992776
99992775
99992774
99992773
99992772
99992771
99992770
99992769
99992768
99992767
99992766
99992765
99992764
99992763
99992762
99992761
99992760
99992759
99992758
99992757
99992756
99992755
99992754
99992753
99992752
99992751
99992750
99992749
99992748
99992747
99992746
99992745
99992744
99992743
99992742
99992741
99992740
99992739
99992738
99992737
99992736
99992735
99992734
99992733
99992732
99992731
99992730
99992729
99992728
99992727
99992726
99992725
99992724
99992723
99992722
99992721
99992720
99992719
99992718
99992717
99992716
99992715
99992714
99992713
99992712
99992711
99992710
99992709
99992708
99992707
99992706
99992705
99992704
99992703
99992702
99992701
99992700
99992699
99992698
99992697
99992696
99992695
99992694
99992693
99992692
99992691
99992690
99992689
99992688
99992687
99992686
99992685
99992684
99992683
99992682
99992681
99992680
99992679
99992678
99992677
99992676
99992675
99992674
99992673
99992672
99992671
99992670
99992669
99992668
99992667
99992666
99992665
99992664
99992663
99992662
99992661
99992660
99992659
99992658
99992657
99992656
99992655
99992654
99992653
99992652
99992651
99992650
99992649
99992648
99992647
99992646
99992645
99992644
99992643
99992642
99992641
99992640
99992639
99992638
99992637
99992636
99992635
99992634
99992633
99992632
99992631
99992630
99992629
99992628
99992627
99992626
99992625
99992624
99992623
99992622
99992621
99992620
99992619
99992618
99992617
99992616
99992615
99992614
99992613
99992612
99992611
99992610
99992609
99992608
99992607
99992606
99992605
99992604
99992603
99992602
99992601
99992600
99992599
99992598
99992597
99992596
99992595
99992594
99992593
99992592
99992591
99992590
99992589
99992588
99992587
99992586
99992585
99992584
99992583
99992582
99992581
99992580
99992579
99992578
99992577
99992576
99992575
99992574
99992573
99992572
99992571
99992570
99992569
99992568
99992567
99992566
99992565
99992564
99992563
99992562
99992561
99992560
99992559
99992558
99992557
99992556
99992555
99992554
99992553
99992552
99992551
99992550
99992549
99992548
99992547
99992546
99992545
99992544
99992543
99992542
99992541
99992540
99992539
99992538
99992537
99992536
99992535
99992534
99992533
99992532
99992531
99992530
99992529
99992528
99992527
99992526
99992525
99992524
99992523
99992522
99992521
99992520
99992519
99992518
99992517
99992516
99992515
99992514
99992513
99992512
99992511
99992510
99992509
99992508
99992507
99992506
99992505
99992504
99992503
99992502
99992501
99992500
99992499
99992498
99992497
99992496
99992495
99992494
99992493
99992492
99992491
99992490
99992489
99992488
99992487
99992486
99992485
99992484
99992483
99992482
99992481
99992480
99992479
99992478
99992477
99992476
99992475
99992474
99992473
99992472
99992471
99992470
99992469
99992468
99992467
99992466
99992465
99992464
99992463
99992462
99992461
99992460
99992459
99992458
99992457
99992456
99992455
99992454
99992453
99992452
99992451
99992450
99992449
99992448
99992447
99992446
99992445
99992444
99992443
99992442
99992441
99992440
99992439
99992438
99992437
99992436
99992435
99992434
99992433
99992432
99992431
99992430
99992429
99992428
99992427
99992426
99992425
99992424
99992423
99992422
99992421
99992420
99992419
99992418
99992417
99992416
99992415
99992414
99992413
99992412
99992411
99992410
99992409
99992408
99992407
99992406
99992405
99992404
99992403
99992402
99992401
99992400
99992399
99992398
99992397
99992396
99992395
99992394
99992393
99992392
99992391
99992390
99992389
99992388
99992387
99992386
99992385
99992384
99992383
99992382
99992381
99992380
99992379
99992378
99992377
99992376
99992375
99992374
99992373
99992372
99992371
99992370
99992369
99992368
99992367
99992366
99992365
99992364
99992363
99992362
99992361
99992360
99992359
99992358
99992357
99992356
99992355
99992354
99992353
99992352
99992351
99992350
99992349
99992348
99992347
99992346
99992345
99992344
99992343
99992342
99992341
99992340
99992339
99992338
99992337
99992336
99992335
99992334
99992333
99992332
99992331
99992330
99992329
99992328
99992327
99992326
99992325
99992324
99992323
99992322
99992321
99992320
99992319
99992318
99992317
99992316
99992315
99992314
99992313
99992312
99992311
99992310
99992309
99992308
99992307
99992306
99992305
99992304
99992303
99992302
99992301
99992300
99992299
99992298
99992297
99992296
99992295
99992294
99992293
99992292
99992291
99992290
99992289
99992288
99992287
99992286
99992285
99992284
99992283
99992282
99992281
99992280
99992279
99992278
99992277
99992276
99992275
99992274
99992273
99992272
99992271
99992270
99992269
99992268
99992267
99992266
99992265
99992264
99992263
99992262
99992261
99992260
99992259
99992258
99992257
99992256
99992255
99992254
99992253
99992252
99992251
99992250
99992249
99992248
99992247
99992246
99992245
99992244
99992243
99992242
99992241
99992240
99992239
99992238
99992237
99992236
99992235
99992234
99992233
99992232
99992231
99992230
99992229
99992228
99992227
99992226
99992225
99992224
99992223
99992222
99992221
99992220
99992219
99992218
99992217
99992216
99992215
99992214
99992213
99992212
99992211
99992210
99992209
99992208
99992207
99992206
99992205
99992204
99992203
99992202
99992201
99992200
99992199
99992198
99992197
99992196
99992195
99992194
99992193
99992192
99992191
99992190
99992189
99992188
99992187
99992186
99992185
99992184
99992183
99992182
99992181
99992180
99992179
99992178
99992177
99992176
99992175
99992174
99992173
99992172
99992171
99992170
99992169
99992168
99992167
99992166
99992165
99992164
99992163
99992162
99992161
99992160
99992159
99992158
99992157
99992156
99992155
99992154
99992153
99992152
99992151
99992150
99992149
99992148
99992147
99992146
99992145
99992144
99992143
99992142
99992141
99992140
99992139
99992138
99992137
99992136
99992135
99992134
99992133
99992132
99992131
99992130
99992129
99992128
99992127
99992126
99992125
99992124
99992123
99992122
99992121
99992120
99992119
99992118
99992117
99992116
99992115
99992114
99992113
99992112
99992111
99992110
99992109
99992108
99992107
99992106
99992105
99992104
99992103
99992102
99992101
99992100
99992099
99992098
99992097
99992096
99992095
99992094
99992093
99992092
99992091
99992090
99992089
99992088
99992087
99992086
99992085
99992084
99992083
99992082
99992081
99992080
99992079
99992078
99992077
99992076
99992075
99992074
99992073
99992072
99992071
99992070
99992069
99992068
99992067
99992066
99992065
99992064
99992063
99992062
99992061
99992060
99992059
99992058
99992057
99992056
99992055
99992054
99992053
99992052
99992051
99992050
99992049
99992048
99992047
99992046
99992045
99992044
99992043
99992042
99992041
99992040
99992039
99992038
99992037
99992036
99992035
99992034
99992033
99992032
99992031
99992030
99992029
99992028
99992027
99992026
99992025
99992024
99992023
99992022
99992021
99992020
99992019
99992018
99992017
99992016
99992015
99992014
99992013
99992012
99992011
99992010
99992009
99992008
99992007
99992006
99992005
99992004
99992003
99992002
99992001
99992000
99991999
99991998
99991997
99991996
99991995
99991994
99991993
99991992
99991991
99991990
99991989
99991988
99991987
99991986
99991985
99991984
99991983
99991982
99991981
99991980
99991979
99991978
99991977
99991976
99991975
99991974
99991973
99991972
99991971
99991970
99991969
99991968
99991967
99991966
99991965
99991964
99991963
99991962
99991961
99991960
99991959
99991958
99991957
99991956
99991955
99991954
99991953
99991952
99991951
99991950
99991949
99991948
99991947
99991946
99991945
99991944
99991943
99991942
99991941
99991940
99991939
99991938
99991937
99991936
99991935
99991934
99991933
99991932
99991931
99991930
99991929
99991928
99991927
99991926
99991925
99991924
99991923
99991922
99991921
99991920
99991919
99991918
99991917
99991916
99991915
99991914
99991913
99991912
99991911
99991910
99991909
99991908
99991907
99991906
99991905
99991904
99991903
99991902
99991901
99991900
99991899
99991898
99991897
99991896
99991895
99991894
99991893
99991892
99991891
99991890
99991889
99991888
99991887
99991886
99991885
99991884
99991883
99991882
99991881
99991880
99991879
99991878
99991877
99991876
99991875
99991874
99991873
99991872
99991871
99991870
99991869
99991868
99991867
99991866
99991865
99991864
99991863
99991862
99991861
99991860
99991859
99991858
99991857
99991856
99991855
99991854
99991853
99991852
99991851
99991850
99991849
99991848
99991847
99991846
99991845
99991844
99991843
99991842
99991841
99991840
99991839
99991838
99991837
99991836
99991835
99991834
99991833
99991832
99991831
99991830
99991829
99991828
99991827
99991826
99991825
99991824
99991823
99991822
99991821
99991820
99991819
99991818
99991817
99991816
99991815
99991814
99991813
99991812
99991811
99991810
99991809
99991808
99991807
99991806
99991805
99991804
99991803
99991802
99991801
99991800
99991799
99991798
99991797
99991796
99991795
99991794
99991793
99991792
99991791
99991790
99991789
99991788
99991787
99991786
99991785
99991784
99991783
99991782
99991781
99991780
99991779
99991778
99991777
99991776
99991775
99991774
99991773
99991772
99991771
99991770
99991769
99991768
99991767
99991766
99991765
99991764
99991763
99991762
99991761
99991760
99991759
99991758
99991757
99991756
99991755
99991754
99991753
99991752
99991751
99991750
99991749
99991748
99991747
99991746
99991745
99991744
99991743
99991742
99991741
99991740
99991739
99991738
99991737
99991736
99991735
99991734
99991733
99991732
99991731
99991730
99991729
99991728
99991727
99991726
99991725
99991724
99991723
99991722
99991721
99991720
99991719
99991718
99991717
99991716
99991715
99991714
99991713
99991712
99991711
99991710
99991709
99991708
99991707
99991706
99991705
99991704
99991703
99991702
99991701
99991700
99991699
99991698
99991697
99991696
99991695
99991694
99991693
99991692
99991691
99991690
99991689
99991688
99991687
99991686
99991685
99991684
99991683
99991682
99991681
99991680
99991679
99991678
99991677
99991676
99991675
99991674
99991673
99991672
99991671
99991670
99991669
99991668
99991667
99991666
99991665
99991664
99991663
99991662
99991661
99991660
99991659
99991658
99991657
99991656
99991655
99991654
99991653
99991652
99991651
99991650
99991649
99991648
99991647
99991646
99991645
99991644
99991643
99991642
99991641
99991640
99991639
99991638
99991637
99991636
99991635
99991634
99991633
99991632
99991631
99991630
99991629
99991628
99991627
99991626
99991625
99991624
99991623
99991622
99991621
99991620
99991619
99991618
99991617
99991616
99991615
99991614
99991613
99991612
99991611
99991610
99991609
99991608
99991607
99991606
99991605
99991604
99991603
99991602
99991601
99991600
99991599
99991598
99991597
99991596
99991595
99991594
99991593
99991592
99991591
99991590
99991589
99991588
99991587
99991586
99991585
99991584
99991583
99991582
99991581
99991580
99991579
99991578
99991577
99991576
99991575
99991574
99991573
99991572
99991571
99991570
99991569
99991568
99991567
99991566
99991565
99991564
99991563
99991562
99991561
99991560
99991559
99991558
99991557
99991556
99991555
99991554
99991553
99991552
99991551
99991550
99991549
99991548
99991547
99991546
99991545
99991544
99991543
99991542
99991541
99991540
99991539
99991538
99991537
99991536
99991535
99991534
99991533
99991532
99991531
99991530
99991529
99991528
99991527
99991526
99991525
99991524
99991523
99991522
99991521
99991520
99991519
99991518
99991517
99991516
99991515
99991514
99991513
99991512
99991511
99991510
99991509
99991508
99991507
99991506
99991505
99991504
99991503
99991502
99991501
99991500
99991499
99991498
99991497
99991496
99991495
99991494
99991493
99991492
99991491
99991490
99991489
99991488
99991487
99991486
99991485
99991484
99991483
99991482
99991481
99991480
99991479
99991478
99991477
99991476
99991475
99991474
99991473
99991472
99991471
99991470
99991469
99991468
99991467
99991466
99991465
99991464
99991463
99991462
99991461
99991460
99991459
99991458
99991457
99991456
99991455
99991454
99991453
99991452
99991451
99991450
99991449
99991448
99991447
99991446
99991445
99991444
99991443
99991442
99991441
99991440
99991439
99991438
99991437
99991436
99991435
99991434
99991433
99991432
99991431
99991430
99991429
99991428
99991427
99991426
99991425
99991424
99991423
99991422
99991421
99991420
99991419
99991418
99991417
99991416
99991415
99991414
99991413
99991412
99991411
99991410
99991409
99991408
99991407
99991406
99991405
99991404
99991403
99991402
99991401
99991400
99991399
99991398
99991397
99991396
99991395
99991394
99991393
99991392
99991391
99991390
99991389
99991388
99991387
99991386
99991385
99991384
99991383
99991382
99991381
99991380
99991379
99991378
99991377
99991376
99991375
99991374
99991373
99991372
99991371
99991370
99991369
99991368
99991367
99991366
99991365
99991364
99991363
99991362
99991361
99991360
99991359
99991358
99991357
99991356
99991355
99991354
99991353
99991352
99991351
99991350
99991349
99991348
99991347
99991346
99991345
99991344
99991343
99991342
99991341
99991340
99991339
99991338
99991337
99991336
99991335
99991334
99991333
99991332
99991331
99991330
99991329
99991328
99991327
99991326
99991325
99991324
99991323
99991322
99991321
99991320
99991319
99991318
99991317
99991316
99991315
99991314
99991313
99991312
99991311
99991310
99991309
99991308
99991307
99991306
99991305
99991304
99991303
99991302
99991301
99991300
99991299
99991298
99991297
99991296
99991295
99991294
99991293
99991292
99991291
99991290
99991289
99991288
99991287
99991286
99991285
99991284
99991283
99991282
99991281
99991280
99991279
99991278
99991277
99991276
99991275
99991274
99991273
99991272
99991271
99991270
99991269
99991268
99991267
99991266
99991265
99991264
99991263
99991262
99991261
99991260
99991259
99991258
99991257
99991256
99991255
99991254
99991253
99991252
99991251
99991250
99991249
99991248
99991247
99991246
99991245
99991244
99991243
99991242
99991241
99991240
99991239
99991238
99991237
99991236
99991235
99991234
99991233
99991232
99991231
99991230
99991229
99991228
99991227
99991226
99991225
99991224
99991223
99991222
99991221
99991220
99991219
99991218
99991217
99991216
99991215
99991214
99991213
99991212
99991211
99991210
99991209
99991208
99991207
99991206
99991205
99991204
99991203
99991202
99991201
99991200
99991199
99991198
99991197
99991196
99991195
99991194
99991193
99991192
99991191
99991190
99991189
99991188
99991187
99991186
99991185
99991184
99991183
99991182
99991181
99991180
99991179
99991178
99991177
99991176
99991175
99991174
99991173
99991172
99991171
99991170
99991169
99991168
99991167
99991166
99991165
99991164
99991163
99991162
99991161
99991160
99991159
99991158
99991157
99991156
99991155
99991154
99991153
99991152
99991151
99991150
99991149
99991148
99991147
99991146
99991145
99991144
99991143
99991142
99991141
99991140
99991139
99991138
99991137
99991136
99991135
99991134
99991133
99991132
99991131
99991130
99991129
99991128
99991127
99991126
99991125
99991124
99991123
99991122
99991121
99991120
99991119
99991118
99991117
99991116
99991115
99991114
99991113
99991112
99991111
99991110
99991109
99991108
99991107
99991106
99991105
99991104
99991103
99991102
99991101
99991100
99991099
99991098
99991097
99991096
99991095
99991094
99991093
99991092
99991091
99991090
99991089
99991088
99991087
99991086
99991085
99991084
99991083
99991082
99991081
99991080
99991079
99991078
99991077
99991076
99991075
99991074
99991073
99991072
99991071
99991070
99991069
99991068
99991067
99991066
99991065
99991064
99991063
99991062
99991061
99991060
99991059
99991058
99991057
99991056
99991055
99991054
99991053
99991052
99991051
99991050
99991049
99991048
99991047
99991046
99991045
99991044
99991043
99991042
99991041
99991040
99991039
99991038
99991037
99991036
99991035
99991034
99991033
99991032
99991031
99991030
99991029
99991028
99991027
99991026
99991025
99991024
99991023
99991022
99991021
99991020
99991019
99991018
99991017
99991016
99991015
99991014
99991013
99991012
99991011
99991010
99991009
99991008
99991007
99991006
99991005
99991004
99991003
99991002
99991001
99991000
99990999
99990998
99990997
99990996
99990995
99990994
99990993
99990992
99990991
99990990
99990989
99990988
99990987
99990986
99990985
99990984
99990983
99990982
99990981
99990980
99990979
99990978
99990977
99990976
99990975
99990974
99990973
99990972
99990971
99990970
99990969
99990968
99990967
99990966
99990965
99990964
99990963
99990962
99990961
99990960
99990959
99990958
99990957
99990956
99990955
99990954
99990953
99990952
99990951
99990950
99990949
99990948
99990947
99990946
99990945
99990944
99990943
99990942
99990941
99990940
99990939
99990938
99990937
99990936
99990935
99990934
99990933
99990932
99990931
99990930
99990929
99990928
99990927
99990926
99990925
99990924
99990923
99990922
99990921
99990920
99990919
99990918
99990917
99990916
99990915
99990914
99990913
99990912
99990911
99990910
99990909
99990908
99990907
99990906
99990905
99990904
99990903
99990902
99990901
99990900
99990899
99990898
99990897
99990896
99990895
99990894
99990893
99990892
99990891
99990890
99990889
99990888
99990887
99990886
99990885
99990884
99990883
99990882
99990881
99990880
99990879
99990878
99990877
99990876
99990875
99990874
99990873
99990872
99990871
99990870
99990869
99990868
99990867
99990866
99990865
99990864
99990863
99990862
99990861
99990860
99990859
99990858
99990857
99990856
99990855
99990854
99990853
99990852
99990851
99990850
99990849
99990848
99990847
99990846
99990845
99990844
99990843
99990842
99990841
99990840
99990839
99990838
99990837
99990836
99990835
99990834
99990833
99990832
99990831
99990830
99990829
99990828
99990827
99990826
99990825
99990824
99990823
99990822
99990821
99990820
99990819
99990818
99990817
99990816
99990815
99990814
99990813
99990812
99990811
99990810
99990809
99990808
99990807
99990806
99990805
99990804
99990803
99990802
99990801
99990800
99990799
99990798
99990797
99990796
99990795
99990794
99990793
99990792
99990791
99990790
99990789
99990788
99990787
99990786
99990785
99990784
99990783
99990782
99990781
99990780
99990779
99990778
99990777
99990776
99990775
99990774
99990773
99990772
99990771
99990770
99990769
99990768
99990767
99990766
99990765
99990764
99990763
99990762
99990761
99990760
99990759
99990758
99990757
99990756
99990755
99990754
99990753
99990752
99990751
99990750
99990749
99990748
99990747
99990746
99990745
99990744
99990743
99990742
99990741
99990740
99990739
99990738
99990737
99990736
99990735
99990734
99990733
99990732
99990731
99990730
99990729
99990728
99990727
99990726
99990725
99990724
99990723
99990722
99990721
99990720
99990719
99990718
99990717
99990716
99990715
99990714
99990713
99990712
99990711
99990710
99990709
99990708
99990707
99990706
99990705
99990704
99990703
99990702
99990701
99990700
99990699
99990698
99990697
99990696
99990695
99990694
99990693
99990692
99990691
99990690
99990689
99990688
99990687
99990686
99990685
99990684
99990683
99990682
99990681
99990680
99990679
99990678
99990677
99990676
99990675
99990674
99990673
99990672
99990671
99990670
99990669
99990668
99990667
99990666
99990665
99990664
99990663
99990662
99990661
99990660
99990659
99990658
99990657
99990656
99990655
99990654
99990653
99990652
99990651
99990650
99990649
99990648
99990647
99990646
99990645
99990644
99990643
99990642
99990641
99990640
99990639
99990638
99990637
99990636
99990635
99990634
99990633
99990632
99990631
99990630
99990629
99990628
99990627
99990626
99990625
99990624
99990623
99990622
99990621
99990620
99990619
99990618
99990617
99990616
99990615
99990614
99990613
99990612
99990611
99990610
99990609
99990608
99990607
99990606
99990605
99990604
99990603
99990602
99990601
99990600
99990599
99990598
99990597
99990596
99990595
99990594
99990593
99990592
99990591
99990590
99990589
99990588
99990587
99990586
99990585
99990584
99990583
99990582
99990581
99990580
99990579
99990578
99990577
99990576
99990575
99990574
99990573
99990572
99990571
99990570
99990569
99990568
99990567
99990566
99990565
99990564
99990563
99990562
99990561
99990560
99990559
99990558
99990557
99990556
99990555
99990554
99990553
99990552
99990551
99990550
99990549
99990548
99990547
99990546
99990545
99990544
99990543
99990542
99990541
99990540
99990539
99990538
99990537
99990536
99990535
99990534
99990533
99990532
99990531
99990530
99990529
99990528
99990527
99990526
99990525
99990524
99990523
99990522
99990521
99990520
99990519
99990518
99990517
99990516
99990515
99990514
99990513
99990512
99990511
99990510
99990509
99990508
99990507
99990506
99990505
99990504
99990503
99990502
99990501
99990500
99990499
99990498
99990497
99990496
99990495
99990494
99990493
99990492
99990491
99990490
99990489
99990488
99990487
99990486
99990485
99990484
99990483
99990482
99990481
99990480
99990479
99990478
99990477
99990476
99990475
99990474
99990473
99990472
99990471
99990470
99990469
99990468
99990467
99990466
99990465
99990464
99990463
99990462
99990461
99990460
99990459
99990458
99990457
99990456
99990455
99990454
99990453
99990452
99990451
99990450
99990449
99990448
99990447
99990446
99990445
99990444
99990443
99990442
99990441
99990440
99990439
99990438
99990437
99990436
99990435
99990434
99990433
99990432
99990431
99990430
99990429
99990428
99990427
99990426
99990425
99990424
99990423
99990422
99990421
99990420
99990419
99990418
99990417
99990416
99990415
99990414
99990413
99990412
99990411
99990410
99990409
99990408
99990407
99990406
99990405
99990404
99990403
99990402
99990401
99990400
99990399
99990398
99990397
99990396
99990395
99990394
99990393
99990392
99990391
99990390
99990389
99990388
99990387
99990386
99990385
99990384
99990383
99990382
99990381
99990380
99990379
99990378
99990377
99990376
99990375
99990374
99990373
99990372
99990371
99990370
99990369
99990368
99990367
99990366
99990365
99990364
99990363
99990362
99990361
99990360
99990359
99990358
99990357
99990356
99990355
99990354
99990353
99990352
99990351
99990350
99990349
99990348
99990347
99990346
99990345
99990344
99990343
99990342
99990341
99990340
99990339
99990338
99990337
99990336
99990335
99990334
99990333
99990332
99990331
99990330
99990329
99990328
99990327
99990326
99990325
99990324
99990323
99990322
99990321
99990320
99990319
99990318
99990317
99990316
99990315
99990314
99990313
99990312
99990311
99990310
99990309
99990308
99990307
99990306
99990305
99990304
99990303
99990302
99990301
99990300
99990299
99990298
99990297
99990296
99990295
99990294
99990293
99990292
99990291
99990290
99990289
99990288
99990287
99990286
99990285
99990284
99990283
99990282
99990281
99990280
99990279
99990278
99990277
99990276
99990275
99990274
99990273
99990272
99990271
99990270
99990269
99990268
99990267
99990266
99990265
99990264
99990263
99990262
99990261
99990260
99990259
99990258
99990257
99990256
99990255
99990254
99990253
99990252
99990251
99990250
99990249
99990248
99990247
99990246
99990245
99990244
99990243
99990242
99990241
99990240
99990239
99990238
99990237
99990236
99990235
99990234
99990233
99990232
99990231
99990230
99990229
99990228
99990227
99990226
99990225
99990224
99990223
99990222
99990221
99990220
99990219
99990218
99990217
99990216
99990215
99990214
99990213
99990212
99990211
99990210
99990209
99990208
99990207
99990206
99990205
99990204
99990203
99990202
99990201
99990200
99990199
99990198
99990197
99990196
99990195
99990194
99990193
99990192
99990191
99990190
99990189
99990188
99990187
99990186
99990185
99990184
99990183
99990182
99990181
99990180
99990179
99990178
99990177
99990176
99990175
99990174
99990173
99990172
99990171
99990170
99990169
99990168
99990167
99990166
99990165
99990164
99990163
99990162
99990161
99990160
99990159
99990158
99990157
99990156
99990155
99990154
99990153
99990152
99990151
99990150
99990149
99990148
99990147
99990146
99990145
99990144
99990143
99990142
99990141
99990140
99990139
99990138
99990137
99990136
99990135
99990134
99990133
99990132
99990131
99990130
99990129
99990128
99990127
99990126
99990125
99990124
99990123
99990122
99990121
99990120
99990119
99990118
99990117
99990116
99990115
99990114
99990113
99990112
99990111
99990110
99990109
99990108
99990107
99990106
99990105
99990104
99990103
99990102
99990101
99990100
99990099
99990098
99990097
99990096
99990095
99990094
99990093
99990092
99990091
99990090
99990089
99990088
99990087
99990086
99990085
99990084
99990083
99990082
99990081
99990080
99990079
99990078
99990077
99990076
99990075
99990074
99990073
99990072
99990071
99990070
99990069
99990068
99990067
99990066
99990065
99990064
99990063
99990062
99990061
99990060
99990059
99990058
99990057
99990056
99990055
99990054
99990053
99990052
99990051
99990050
99990049
99990048
99990047
99990046
99990045
99990044
99990043
99990042
99990041
99990040
99990039
99990038
99990037
99990036
99990035
99990034
99990033
99990032
99990031
99990030
99990029
99990028
99990027
99990026
99990025
99990024
99990023
99990022
99990021
99990020
99990019
99990018
99990017
99990016
99990015
99990014
99990013
99990012
99990011
99990010
99990009
99990008
99990007
99990006
99990005
99990004
99990003
99990002
99990001
